0	1	0.0002748763056624519
7276	1	0.0016492578339747114
14552	1	0.0030236393622869707
21828	1	0.0021990104452996153
29104	1	0.007421660252886202
36380	1	0.007146783947223749
43656	1	0.010445299615173173
50932	1	0.019516217702034086
58208	1	0.01594282572842221
65484	1	0.01017042330951072
72760	1	0.011819681143485432
80036	1	0.010445299615173173
87312	0	0.011269928532160528
94588	1	0.008521165475536009
101864	1	0.010445299615173173
109140	1	0.010995052226498075
116416	1	0.019791094007696537
123692	1	0.029686641011544807
130968	1	0.028862012094557448
138244	1	0.040956569543705336
145520	1	0.046454095656954374
152796	1	0.049752611324903794
160072	1	0.06652006597031336
167348	1	0.07641561297416163
174624	1	0.09015942825728422
181900	1	0.09510720175920835
189176	1	0.09098405717427158
196452	1	0.1080263881253436
203728	1	0.11572292468389225
211004	1	0.12451896646509071
218280	1	0.12699285321605278
225556	1	0.1170973062122045
232832	1	0.10060472787245739
240108	1	0.10830126443100604
247384	0	0.1148982957669049
254660	1	0.1011544804837823
261936	1	0.09043430456294667
269212	1	0.08713578889499725
276488	0	0.07806487080813634
283764	1	0.06844420010995052
291040	1	0.06542056074766354
298316	1	0.07146783947223749
305592	1	0.08713578889499725
312868	1	0.09730621220450797
320144	1	0.08576140736668499
327420	1	0.08548653106102254
334696	1	0.09263331500824629
341972	1	0.08493677844969763
349248	1	0.09978009895547003
356524	1	0.07696536558548653
363800	1	0.08933479934029687
371076	1	0.07284222100054975
378352	1	0.06652006597031336
385628	1	0.07036833424958769
392904	1	0.065695437053326
400180	1	0.08136338647608576
407456	1	0.08411214953271028
414732	1	0.08960967564595931
422008	1	0.07833974711379879
429284	1	0.07696536558548653
436560	1	0.07696536558548653
443836	1	0.08713578889499725
451112	1	0.07806487080813634
458388	0	0.08438702583837274
465664	1	0.08988455195162177
472940	1	0.07806487080813634
480216	1	0.0788894997251237
487492	0	0.07916437603078615
494768	1	0.07833974711379879
502044	1	0.08411214953271028
509320	1	0.07971412864211105
516596	1	0.07724024189114899
523872	1	0.07284222100054975
531148	1	0.07421660252886202
538424	0	0.08878504672897196
545700	1	0.09675645959318306
552976	1	0.08851017042330951
560252	1	0.09840571742715779
567528	1	0.09703133589884552
574804	0	0.0959318306761957
582080	1	0.1239692138537658
589356	1	0.13413963716327654
596632	1	0.14128642111050027
603908	1	0.11984606926882903
611184	1	0.1261682242990654
618460	1	0.1297416162726773
625736	1	0.14678394722374932
633012	1	0.14843320505772403
640288	1	0.1302913688840022
647564	1	0.13688840021990104
654840	1	0.139912039582188
662116	1	0.1657504123144585
669392	1	0.15750412314458492
676668	0	0.14925783397471137
683944	1	0.1561297416162727
691220	1	0.14073666849917538
698496	1	0.13908741066520067
705772	1	0.14815832875206159
713048	1	0.14760857614073666
720324	1	0.14733369983507422
727600	1	0.15338097855964816
734876	0	0.1520065970313359
742152	1	0.14595931830676195
749428	1	0.14953271028037382
756704	1	0.14376030786146235
763980	1	0.1605277625068719
771256	1	0.1742715777899945
778532	1	0.18691588785046728
785808	1	0.19131390874106652
793084	1	0.20148433205057725
800360	1	0.20890599230346343
807636	1	0.22952171522814732
814912	1	0.23501924134139637
822188	1	0.23859263331500824
829464	1	0.24491478834524463
836740	1	0.22842221000549753
844016	1	0.23859263331500824
851292	1	0.22100054975261132
858568	1	0.2023089609675646
865844	1	0.2160527762506872
873120	1	0.2383177570093458
880396	1	0.25783397471137987
887672	1	0.26965365585486534
894948	1	0.2677295217152281
902224	1	0.25838372732270476
S_m	J_m	speciation_rate	death_proportion	trait_rate_meta	ecological_strength	intrasp_competition	intersp_competition	mutualism_proportion	generations	community_assembly_model	speciation_model	mutation_rate	alpha	sequence_length	J	m	speciation_prob	generation	_lambda	migrate_calculated	extrate_calculated	trait_rate_local	filtering_optimum	S	abund_h1	abund_h2	abund_h3	abund_h4	pi_h1	pi_h2	pi_h3	pi_h4	mean_pi	std_pi	skewness_pi	kurtosis_pi	median_pi	iqr_pi	mean_dxys	std_dxys	skewness_dxys	kurtosis_dxys	median_dxys	iqr_dxys	trees	trait_h1	trait_h2	trait_h3	trait_h4	mean_local_traits	std_local_traits	skewness_local_traits	kurtosis_local_traits	median_local_traits	iqr_local_traits	mean_regional_traits	std_regional_traits	skewness_regional_traits	kurtosis_regional_traits	median_regional_traits	iqr_regional_traits	reg_loc_mean_trait_dif	reg_loc_std_trait_dif	reg_loc_skewness_trait_dif	reg_loc_kurtosis_trait_dif	reg_loc_median_trait_dif	reg_loc_iqr_trait_dif	abundance_dxy_cor	abundance_pi_cor	abundance_trait_cor	dxy_pi_cor	dxy_trait_cor	pi_trait_cor	SGD_0	SGD_1	SGD_2	SGD_3	SGD_4	SGD_5	SGD_6	SGD_7	SGD_8	SGD_9
250	500000	2.0	0.7	2.0	0.00056	-1.0	-1.0	0.0	500	filtering	point_mutation	0.0	2420	570.0	3638.0	0.00023	0.00085	500.0	0.24684	0.00024	0.00098	0.58824	0.28489	21.0	2.51273	1.70005	1.52594	1.45894	6.32259	5.7979	5.41827	5.14504	0.00021	0.00035	1.44984	0.8754	0.0	0.00035	0.04576	0.02148	-1.27587	-0.09253	0.05772	0.01228	0.0	5.10928	3.84913	3.6236	3.53411	-4.49586	1.78727	3.08637	10.38118	-4.64864	1.02077	-4.68505	2.24228	0.94835	5.72875	-4.74	1.19975	-0.18919	0.455	-2.13802	-4.65243	-0.09137	0.17897	-0.22094	-0.05981	-0.08315	-0.38918	-0.31737	0.51797	14.0	0.0	0.0	3.0	0.0	1.0	0.0	2.0	0.0	1.0