0	1	0.0002605523710265763
7676	1	0.009119332985930172
15352	0	0.020323084940072955
23028	1	0.02918186555497655
30704	1	0.03647733194372069
38380	1	0.04507556018759771
46056	1	0.05992704533611256
53732	1	0.06409588327253778
61408	1	0.09093277748827515
69084	0	0.10891089108910891
76760	0	0.14330380406461699
84436	1	0.15059927045336113
92112	1	0.1529442417926003
99788	1	0.16466909848879624
107464	0	0.14929650859822824
115140	1	0.17743616466909848
122816	1	0.1883793642522147
130492	1	0.18811881188118812
138168	1	0.20297029702970298
145844	1	0.19880145909327776
153520	1	0.21078686816050027
161196	1	0.2412714955706097
168872	1	0.24908806670140698
176548	1	0.2389265242313705
184224	1	0.2433559145388223
191900	0	0.24153204794163627
199576	1	0.2522146951537259
207252	1	0.2563835330901511
214928	1	0.25482021886399164
222604	1	0.27540385617509117
230280	1	0.2550807712350182
237956	0	0.2871287128712871
245632	1	0.28217821782178215
253308	1	0.28217821782178215
260984	1	0.2597707139134966
268660	1	0.2501302761855133
276336	0	0.24309536216779573
284012	0	0.24934861907243355
291688	1	0.2511724856696196
299364	1	0.23319437206878582
307040	1	0.24153204794163627
314716	1	0.25951016154247003
322392	1	0.27123501823866597
330068	1	0.27592496091714436
337744	1	0.27149557060969254
345420	1	0.3084940072954664
353096	1	0.30458572173006776
360772	1	0.2983324648254299
368448	1	0.3082334549244398
376124	1	0.3215216258467952
383800	1	0.33611255862428346
391476	0	0.35617509119332985
399152	1	0.3439291297550808
406828	1	0.3376758728504429
414504	1	0.34627410109431994
422180	1	0.3324648254299114
429856	1	0.343147472642001
437532	1	0.34731631057842627
445208	1	0.34966128191766543
452884	1	0.33611255862428346
460560	1	0.3449713392391871
468236	1	0.33741532047941636
475912	1	0.34523189161021367
483588	1	0.3418447107868682
491264	1	0.36190724335591457
498940	1	0.3725898905680042
506616	1	0.3699843668577384
514292	1	0.3877019280875456
521968	1	0.4025534132360605
529644	1	0.4025534132360605
537320	1	0.42157373632100054
544996	1	0.4184471078686816
552672	1	0.445284002084419
560348	1	0.4517978113600834
568024	1	0.4567483064095883
575700	1	0.4611776967170401
583376	1	0.4934861907243356
591052	1	0.45883272537780095
598728	1	0.4559666492965086
606404	1	0.48045857217300675
614080	1	0.4734236581552892
621756	1	0.48853569567483063
629432	0	0.4924439812402293
637108	1	0.4947889525794685
644784	0	0.506774361646691
652460	1	0.5213652944241792
660136	0	0.5026055237102658
667812	1	0.5028660760812923
675488	1	0.5336112558624283
683164	1	0.5448150078165711
690840	1	0.5674830640958832
698516	1	0.5758207399687337
706192	0	0.571912454403335
713868	1	0.566440854611777
721544	1	0.5742574257425742
729220	1	0.5807712350182387
736896	1	0.6159458051068265
744572	0	0.6253256904637832
752248	0	0.6328817092235539
759924	1	0.6542470036477332
767600	1	0.6276706618030224
775276	1	0.6508598228243877
782952	1	0.6175091193329859
790628	1	0.6276706618030224
798304	1	0.6500781657113079
805980	1	0.6831683168316832
813656	1	0.694893173527879
821332	0	0.7191245440333507
829008	0	0.7527357998957791
836684	1	0.7720166753517457
844360	1	0.7639395518499218
852036	1	0.7975508077123502
859712	0	0.8040646169880146
867388	1	0.8035435122459614
875064	1	0.8183949973944763
882740	1	0.8397602918186555
890416	1	0.8381969775924961
898092	1	0.8428869202709744
905768	1	0.8475768629494529
913444	1	0.844450234497134
921120	1	0.8561750911933299
928796	1	0.8293381969775925
936472	0	0.8319437206878583
944148	1	0.8379364252214695
951824	1	0.8423658155289213
S_m	J_m	speciation_rate	death_proportion	trait_rate_meta	ecological_strength	intrasp_competition	intersp_competition	mutualism_proportion	generations	community_assembly_model	speciation_model	mutation_rate	alpha	sequence_length	J	m	speciation_prob	generation	_lambda	migrate_calculated	extrate_calculated	trait_rate_local	filtering_optimum	S	abund_h1	abund_h2	abund_h3	abund_h4	pi_h1	pi_h2	pi_h3	pi_h4	mean_pi	std_pi	skewness_pi	kurtosis_pi	median_pi	iqr_pi	mean_dxys	std_dxys	skewness_dxys	kurtosis_dxys	median_dxys	iqr_dxys	trees	trait_h1	trait_h2	trait_h3	trait_h4	mean_local_traits	std_local_traits	skewness_local_traits	kurtosis_local_traits	median_local_traits	iqr_local_traits	mean_regional_traits	std_regional_traits	skewness_regional_traits	kurtosis_regional_traits	median_regional_traits	iqr_regional_traits	reg_loc_mean_trait_dif	reg_loc_std_trait_dif	reg_loc_skewness_trait_dif	reg_loc_kurtosis_trait_dif	reg_loc_median_trait_dif	reg_loc_iqr_trait_dif	abundance_dxy_cor	abundance_pi_cor	abundance_trait_cor	dxy_pi_cor	dxy_trait_cor	pi_trait_cor	SGD_0	SGD_1	SGD_2	SGD_3	SGD_4	SGD_5	SGD_6	SGD_7	SGD_8	SGD_9
250	500000	2.0	0.7	2.0	9e-05	-1.0	-1.0	0.0	500	filtering	point_mutation	0.0	1276	570.0	3838.0	0.0005	0.00536	500.0	0.84966	0.0005	0.00551	0.58824	9.28828	112.0	34.91957	18.363	13.22753	11.0928	14.97893	13.23681	11.84251	10.78223	0.00011	0.0003	3.2413	11.56424	0.0	0.0	0.03752	0.01581	-1.47279	0.44417	0.04474	0.00689	0.0	48.89113	26.80997	18.04043	14.17307	0.00481	1.52657	2.91449	11.02809	-0.16657	1.07715	-0.06558	1.49075	3.93157	23.3901	-0.2596	0.95422	-0.07039	-0.03581	1.01708	12.36201	-0.09304	-0.12293	0.01031	-0.07752	0.02807	-0.31938	-0.13799	0.03708	95.0	5.0	0.0	6.0	0.0	4.0	1.0	0.0	0.0	1.0