0	1
4940	1
9880	1
14820	1
19760	0
24700	0
29640	1
34580	0
39520	1
44460	1
49400	1
54340	0
59280	1
64220	1
69160	1
74100	1
79040	1
83980	1
88920	1
93860	1
98800	1
103740	1
108680	1
113620	1
118560	1
123500	1
128440	1
133380	1
138320	1
143260	1
148200	1
153140	1
158080	1
163020	1
167960	0
172900	1
177840	1
182780	1
187720	1
192660	1
197600	0
202540	1
207480	1
212420	1
217360	1
222300	1
227240	1
232180	1
237120	1
242060	0
247000	1
251940	1
256880	0
261820	1
266760	1
271700	1
276640	1
281580	1
286520	1
291460	1
296400	1
301340	0
306280	1
311220	1
316160	1
321100	1
326040	1
330980	1
335920	1
340860	1
345800	1
350740	1
355680	1
360620	1
365560	1
370500	1
375440	1
380380	1
385320	1
390260	1
395200	1
400140	1
405080	1
410020	1
414960	1
419900	1
424840	1
429780	1
434720	1
439660	0
444600	1
449540	1
454480	1
459420	1
464360	0
469300	1
474240	1
479180	1
484120	1
489060	1
494000	1
498940	1
503880	0
508820	1
513760	0
518700	0
523640	1
528580	1
533520	1
538460	1
543400	1
548340	1
553280	1
558220	1
563160	1
568100	1
573040	1
577980	1
582920	1
587860	1
592800	1
597740	1
602680	1
607620	1
612560	1
S_m	J_m	speciation_rate	death_proportion	trait_rate_meta	ecological_strength	intrasp_competition	intersp_competition	mutualism_proportion	generations	community_assembly_model	speciation_model	mutation_rate	alpha	sequence_length	J	m	speciation_prob	generation	_lambda	migrate_calculated	extrate_calculated	trait_rate_local	filtering_optimum	S	abund_h1	abund_h2	abund_h3	abund_h4	pi_h1	pi_h2	pi_h3	pi_h4	mean_pi	std_pi	skewness_pi	kurtosis_pi	median_pi	iqr_pi	mean_dxys	std_dxys	skewness_dxys	kurtosis_dxys	median_dxys	iqr_dxys	trees	trait_h1	trait_h2	trait_h3	trait_h4	mean_local_traits	std_local_traits	skewness_local_traits	kurtosis_local_traits	median_local_traits	iqr_local_traits	mean_regional_traits	std_regional_traits	skewness_regional_traits	kurtosis_regional_traits	median_regional_traits	iqr_regional_traits	reg_loc_mean_trait_dif	reg_loc_std_trait_dif	reg_loc_skewness_trait_dif	reg_loc_kurtosis_trait_dif	reg_loc_median_trait_dif	reg_loc_iqr_trait_dif	abundance_dxy_cor	abundance_pi_cor	abundance_trait_cor	dxy_pi_cor	dxy_trait_cor	pi_trait_cor	SGD_0	SGD_1	SGD_2	SGD_3	SGD_4	SGD_5	SGD_6	SGD_7	SGD_8	SGD_9
250	500000	2.0	0.7	2.0	0.04889	-1.0	-1.0	0.0	500	neutral	point_mutation	0.0	2586	570.0	2470.0	0.00085	0.00356	500.0	0.6332	0.0009	0.00406	0.58824	-0.18974	53.0	13.21455	6.12994	4.41107	3.79265	17.52769	15.74912	14.50475	13.63233	0.00036	0.00056	1.44482	1.03081	0.0	0.00062	0.02361	0.01068	-0.53603	-0.06799	0.02561	0.00351	0.0	17.38295	9.53827	7.53268	6.74714	3.42563	2.01233	-2.08951	4.68351	4.15145	0.98407	3.49507	2.0137	-2.26393	5.46952	4.06256	1.123	0.06944	0.00137	-0.17441	0.78601	-0.0889	0.13893	-0.0173	-0.0867	-0.11782	0.08053	-0.43512	0.08984	33.0	4.0	0.0	3.0	7.0	0.0	2.0	0.0	2.0	2.0