0	1	0.0007097232079489
2818	0	0.0021291696238466998
5636	1	0.0049680624556423
8454	1	0.009226401703335699
11272	1	0.009226401703335699
14090	1	0.0042583392476933995
16908	1	0.0049680624556423
19726	1	0.0127750177430802
22544	1	0.015613910574875798
25362	1	0.014194464158977998
28180	1	0.017033356990773598
30998	1	0.0198722498225692
33816	1	0.0241305890702626
36634	0	0.015613910574875798
39452	1	0.0234208658623137
42270	1	0.04045422285308729
45088	1	0.0383250532292406
47906	1	0.056068133427963095
50724	1	0.05961674946770759
53542	1	0.07026259758694109
56360	1	0.0858765081618169
59178	1	0.07594038325053229
61996	1	0.0823278921220724
64814	1	0.0887154009936125
67632	1	0.07806955287437899
70450	1	0.10078069552874379
73268	1	0.0695528743789922
76086	1	0.057487579843860895
78904	1	0.053229240596167494
81722	1	0.0794889992902768
84540	1	0.06813342796309439
87358	1	0.0773598296664301
90176	1	0.10007097232079488
92994	1	0.10007097232079488
95812	1	0.1376863023420866
98630	1	0.18097941802696949
101448	1	0.19730305180979418
104266	1	0.21788502484031227
107084	1	0.24343506032647266
109902	1	0.23846699787083037
112720	1	0.24414478353442157
115538	0	0.2427253371185238
118356	1	0.23420865862313697
121174	1	0.25691980127750175
123992	1	0.26472675656493966
126810	1	0.2718239886444287
129628	0	0.25195173882185945
132446	1	0.25337118523775726
135264	1	0.24343506032647266
138082	1	0.23491838183108588
140900	0	0.24414478353442157
143718	1	0.24485450674237047
146536	1	0.27253371185237757
149354	1	0.29240596167494676
152172	1	0.34634492547906315
154990	1	0.35557132718239887
157808	1	0.33002129169623845
160626	1	0.3243435060326473
163444	1	0.33002129169623845
166262	1	0.33002129169623845
169080	1	0.3158268275372605
171898	1	0.31227821149751595
174716	1	0.29098651525904895
177534	0	0.3058907026259759
180352	1	0.2966643009226402
183170	1	0.24343506032647266
185988	1	0.26117814052519517
188806	1	0.2264017033356991
191624	1	0.23066004258339248
194442	1	0.19446415897799857
197260	1	0.2044002838892832
200078	1	0.2668559261887864
202896	0	0.27963094393186655
205714	1	0.3080198722498226
208532	1	0.37828246983676367
211350	1	0.3598296664300923
214168	1	0.3598296664300923
216986	1	0.35273243435060325
219804	1	0.39460610361958837
222622	1	0.39389638041163944
225440	1	0.41660752306600424
228258	1	0.40809084457061745
231076	1	0.43789921930447123
233894	1	0.43364088005677787
236712	1	0.45351312987934705
239530	1	0.47693399574166073
242348	1	0.4591909155429382
245166	1	0.47480482611781405
247984	1	0.47622427253371186
250802	0	0.4868701206529453
253620	1	0.47977288857345635
256438	1	0.5095812633073101
259256	1	0.48261178140525196
262074	1	0.525195173882186
264892	1	0.5564229950319376
267710	1	0.553584102200142
270528	1	0.5294535131298793
273346	0	0.49041873669268987
276164	1	0.48190205819730303
278982	1	0.49467707594038324
281800	1	0.5031937544357701
284618	1	0.5039034776437189
287436	1	0.5046132008516678
290254	1	0.531582682753726
293072	1	0.5656493967352733
295890	1	0.5464868701206529
298708	1	0.5287437899219305
301526	1	0.560681334279631
304344	1	0.5471965933286018
307162	1	0.5564229950319376
309980	1	0.5521646557842441
312798	1	0.5550035486160397
315616	1	0.5550035486160397
318434	1	0.5613910574875799
321252	1	0.5542938254080908
324070	1	0.5578424414478353
326888	1	0.5755855216465579
329706	1	0.5720369056068133
332524	1	0.5734563520227112
335342	1	0.5663591199432222
338160	1	0.5798438608942512
340978	1	0.609652235628105
343796	1	0.6210078069552875
346614	1	0.6103619588360539
349432	1	0.5869410929737402
S_m	J_m	speciation_rate	death_proportion	trait_rate_meta	ecological_strength	intrasp_competition	intersp_competition	mutualism_proportion	generations	community_assembly_model	speciation_model	mutation_rate	alpha	sequence_length	J	m	speciation_prob	generation	_lambda	migrate_calculated	extrate_calculated	trait_rate_local	filtering_optimum	S	abund_h1	abund_h2	abund_h3	abund_h4	pi_h1	pi_h2	pi_h3	pi_h4	mean_pi	std_pi	skewness_pi	kurtosis_pi	median_pi	iqr_pi	mean_dxys	std_dxys	skewness_dxys	kurtosis_dxys	median_dxys	iqr_dxys	trees	trait_h1	trait_h2	trait_h3	trait_h4	mean_local_traits	std_local_traits	skewness_local_traits	kurtosis_local_traits	median_local_traits	iqr_local_traits	mean_regional_traits	std_regional_traits	skewness_regional_traits	kurtosis_regional_traits	median_regional_traits	iqr_regional_traits	reg_loc_mean_trait_dif	reg_loc_std_trait_dif	reg_loc_skewness_trait_dif	reg_loc_kurtosis_trait_dif	reg_loc_median_trait_dif	reg_loc_iqr_trait_dif	abundance_dxy_cor	abundance_pi_cor	abundance_trait_cor	dxy_pi_cor	dxy_trait_cor	pi_trait_cor	SGD_0	SGD_1	SGD_2	SGD_3	SGD_4	SGD_5	SGD_6	SGD_7	SGD_8	SGD_9
250	500000	2.0	0.7	2.0	7e-05	-1.0	-1.0	0.0	500	filtering	point_mutation	0.0	2170	570.0	1409.0	0.00189	0.00102	499.64514	0.57204	0.00184	0.00216	0.58824	-1.29462	22.0	5.69471	3.84615	3.29756	3.02425	8.05719	7.41343	6.92958	6.54804	0.00056	0.00079	1.15095	0.20656	0.0	0.00103	0.00695	0.00582	0.83759	0.10871	0.00526	0.00829	0.0	6.04714	4.32593	3.89532	3.70668	1.51457	2.94707	-1.11423	0.53208	2.45117	2.80842	1.36385	2.88078	-1.17194	1.13358	2.12715	1.86214	-0.15072	-0.06629	-0.05772	0.6015	-0.32402	-0.94628	0.70289	0.04759	-0.32353	0.19713	-0.53785	-0.09312	13.0	1.0	0.0	3.0	0.0	3.0	1.0	0.0	0.0	1.0