0	1	0.0002927400468384075
6832	1	0.011416861826697893
13664	1	0.01727166276346604
20496	1	0.032201405152224825
27328	1	0.04478922716627635
34160	1	0.04859484777517564
40992	1	0.05649882903981265
47824	1	0.0626463700234192
54656	1	0.06323185011709602
61488	1	0.08489461358313817
68320	1	0.10099531615925059
75152	1	0.1053864168618267
81984	1	0.11768149882903982
88816	1	0.1443208430913349
95648	1	0.1525175644028103
102480	1	0.18618266978922718
109312	1	0.2066744730679157
116144	1	0.23565573770491804
122976	1	0.2338992974238876
129808	0	0.234192037470726
136640	1	0.22014051522248243
143472	1	0.21750585480093676
150304	1	0.25322014051522246
157136	0	0.24502341920374707
163968	1	0.25614754098360654
170800	1	0.2766393442622951
177632	1	0.3064988290398126
184464	1	0.3073770491803279
191296	1	0.33752927400468385
198128	1	0.35655737704918034
204960	1	0.3594847775175644
211792	1	0.37617096018735363
218624	1	0.3793911007025761
225456	1	0.398711943793911
232288	0	0.40895784543325525
239120	0	0.41569086651053866
245952	1	0.4566744730679157
252784	0	0.47423887587822017
259616	1	0.47453161592505855
266448	1	0.4783372365339578
273280	1	0.5043911007025761
280112	1	0.4868266978922717
286944	1	0.4868266978922717
293776	1	0.49121779859484777
300608	1	0.46692037470725994
307440	1	0.47453161592505855
314272	1	0.47862997658079626
321104	0	0.49473067915690866
327936	1	0.5131733021077284
334768	1	0.5365925058548009
341600	0	0.5237119437939111
348432	1	0.5064402810304449
355264	1	0.48155737704918034
362096	1	0.4713114754098361
368928	0	0.46340749414519905
375760	1	0.4566744730679157
382592	1	0.4885831381733021
389424	1	0.5005854800936768
396256	1	0.5043911007025761
403088	1	0.5008782201405152
409920	1	0.4672131147540984
416752	1	0.46545667447306793
423584	1	0.46604215456674475
430416	1	0.4587236533957845
437248	1	0.4534543325526932
444080	1	0.4680913348946136
450912	1	0.49765807962529274
457744	1	0.5295667447306791
464576	1	0.5225409836065574
471408	1	0.5199063231850117
478240	1	0.530152224824356
485072	1	0.5497658079625293
491904	1	0.5641100702576113
498736	1	0.5679156908665105
505568	0	0.5500585480093677
512400	1	0.5430327868852459
519232	1	0.5641100702576113
526064	1	0.547423887587822
532896	1	0.5875292740046838
539728	1	0.599824355971897
546560	1	0.6135831381733021
553392	1	0.6129976580796253
560224	1	0.6244145199063232
567056	0	0.6601288056206089
573888	1	0.6431498829039812
580720	1	0.6305620608899297
587552	1	0.6463700234192038
594384	1	0.6293911007025761
601216	1	0.6697892271662763
608048	1	0.6990632318501171
614880	1	0.7131147540983607
621712	1	0.7274590163934426
628544	1	0.7622950819672131
635376	1	0.7628805620608899
642208	1	0.7567330210772834
649040	1	0.7851288056206089
655872	1	0.7775175644028103
662704	1	0.7804449648711944
669536	1	0.7786885245901639
676368	1	0.7939110070257611
683200	0	0.8114754098360656
690032	1	0.8097189695550351
696864	1	0.811768149882904
703696	1	0.8269906323185011
710528	1	0.8334309133489461
717360	1	0.857728337236534
724192	1	0.8632903981264637
731024	1	0.8668032786885246
737856	1	0.8550936768149883
744688	1	0.8808548009367682
751520	1	0.8916861826697893
758352	0	0.8969555035128806
765184	1	0.9060304449648712
772016	0	0.9013466042154566
778848	1	0.9016393442622951
785680	1	0.8919789227166276
792512	0	0.9019320843091335
799344	0	0.9107142857142857
806176	0	0.9057377049180327
813008	1	0.8954918032786885
819840	0	0.8884660421545667
826672	1	0.8747072599531616
833504	1	0.8831967213114754
840336	1	0.8872950819672131
847168	1	0.9464285714285714
S_m	J_m	speciation_rate	death_proportion	trait_rate_meta	ecological_strength	intrasp_competition	intersp_competition	mutualism_proportion	generations	community_assembly_model	speciation_model	mutation_rate	alpha	sequence_length	J	m	speciation_prob	generation	_lambda	migrate_calculated	extrate_calculated	trait_rate_local	filtering_optimum	S	abund_h1	abund_h2	abund_h3	abund_h4	pi_h1	pi_h2	pi_h3	pi_h4	mean_pi	std_pi	skewness_pi	kurtosis_pi	median_pi	iqr_pi	mean_dxys	std_dxys	skewness_dxys	kurtosis_dxys	median_dxys	iqr_dxys	trees	trait_h1	trait_h2	trait_h3	trait_h4	mean_local_traits	std_local_traits	skewness_local_traits	kurtosis_local_traits	median_local_traits	iqr_local_traits	mean_regional_traits	std_regional_traits	skewness_regional_traits	kurtosis_regional_traits	median_regional_traits	iqr_regional_traits	reg_loc_mean_trait_dif	reg_loc_std_trait_dif	reg_loc_skewness_trait_dif	reg_loc_kurtosis_trait_dif	reg_loc_median_trait_dif	reg_loc_iqr_trait_dif	abundance_dxy_cor	abundance_pi_cor	abundance_trait_cor	dxy_pi_cor	dxy_trait_cor	pi_trait_cor	SGD_0	SGD_1	SGD_2	SGD_3	SGD_4	SGD_5	SGD_6	SGD_7	SGD_8	SGD_9
250	500000	2.0	0.7	2.0	1e-05	-1.0	-1.0	0.0	500	filtering	point_mutation	0.0	1589	570.0	3416.0	0.00712	0.00025	500.0	0.99268	0.00731	0.00164	0.58824	-0.26813	50.0	20.25364	13.96238	11.69201	10.58028	20.60181	16.16945	13.76682	12.38856	0.00129	0.00186	1.9542	3.51803	0.00035	0.00187	0.01796	0.01548	0.32139	-1.32376	0.01491	0.02772	0.0	22.87095	15.67966	12.91078	11.47196	-1.68707	1.98368	0.47916	0.49453	-1.7246	2.7431	-1.47839	2.11952	0.10348	0.27179	-1.32233	3.02693	0.20869	0.13583	-0.37568	-0.22274	0.40227	0.28383	0.73616	0.40181	-0.0064	0.51441	-0.10023	-0.20354	27.0	9.0	5.0	3.0	2.0	0.0	1.0	1.0	1.0	1.0