0	1	0.000851063829787234
2350	1	0.011063829787234043
4700	1	0.016170212765957447
7050	1	0.010212765957446808
9400	1	0.02468085106382979
11750	1	0.02127659574468085
14100	1	0.023829787234042554
16450	0	0.01872340425531915
18800	1	0.017872340425531916
21150	1	0.02893617021276596
23500	1	0.020425531914893616
25850	1	0.028085106382978724
28200	0	0.033191489361702124
30550	1	0.02723404255319149
32900	1	0.0451063829787234
35250	1	0.029787234042553193
37600	1	0.02297872340425532
39950	1	0.011914893617021277
42300	1	0.02127659574468085
44650	1	0.02553191489361702
47000	1	0.017872340425531916
49350	1	0.02468085106382979
51700	1	0.0374468085106383
54050	1	0.05531914893617021
56400	0	0.05872340425531915
58750	1	0.06553191489361702
61100	1	0.08340425531914894
63450	1	0.10127659574468086
65800	1	0.09106382978723404
68150	1	0.07914893617021276
70500	0	0.0825531914893617
72850	1	0.10127659574468086
75200	0	0.0902127659574468
77550	1	0.09617021276595744
79900	1	0.08170212765957446
82250	1	0.07319148936170213
84600	1	0.06808510638297872
86950	1	0.062127659574468086
89300	1	0.07234042553191489
91650	1	0.06808510638297872
94000	1	0.08595744680851064
96350	1	0.09787234042553192
98700	1	0.09702127659574468
101050	1	0.09787234042553192
103400	1	0.12425531914893617
105750	1	0.08851063829787234
108100	1	0.09276595744680852
110450	1	0.0774468085106383
112800	1	0.07404255319148936
115150	1	0.0851063829787234
117500	1	0.07148936170212766
119850	0	0.08340425531914894
122200	0	0.08680851063829788
124550	1	0.09106382978723404
126900	1	0.08085106382978724
129250	0	0.08340425531914894
131600	1	0.07319148936170213
133950	1	0.08340425531914894
136300	1	0.1123404255319149
138650	1	0.1225531914893617
141000	1	0.13531914893617022
143350	1	0.12085106382978723
145700	1	0.14553191489361703
148050	1	0.1829787234042553
150400	1	0.18127659574468086
152750	1	0.18468085106382978
155100	1	0.19148936170212766
157450	0	0.23319148936170211
159800	1	0.25361702127659574
162150	1	0.2604255319148936
164500	1	0.24425531914893617
166850	1	0.27914893617021275
169200	1	0.2680851063829787
171550	1	0.3080851063829787
173900	1	0.2570212765957447
176250	1	0.23829787234042554
178600	1	0.251063829787234
180950	1	0.25957446808510637
183300	1	0.2451063829787234
185650	1	0.2527659574468085
188000	1	0.24595744680851064
190350	1	0.2527659574468085
192700	0	0.2204255319148936
195050	1	0.2297872340425532
197400	1	0.21106382978723404
199750	1	0.23319148936170211
202100	1	0.2025531914893617
204450	1	0.21872340425531914
206800	1	0.2
209150	1	0.19148936170212766
211500	1	0.16170212765957448
213850	1	0.15319148936170213
216200	1	0.14297872340425533
218550	1	0.13872340425531915
220900	1	0.12
223250	1	0.1302127659574468
225600	1	0.1097872340425532
227950	1	0.12425531914893617
230300	1	0.1472340425531915
232650	1	0.16
235000	1	0.1472340425531915
237350	1	0.11063829787234042
239700	1	0.09191489361702128
242050	1	0.09361702127659574
244400	1	0.1072340425531915
246750	1	0.08595744680851064
249100	1	0.05872340425531915
251450	1	0.09787234042553192
253800	1	0.0876595744680851
256150	1	0.08936170212765958
258500	1	0.09617021276595744
260850	1	0.05106382978723404
263200	1	0.05702127659574468
265550	1	0.05191489361702128
267900	1	0.06382978723404255
270250	1	0.08425531914893616
272600	1	0.0876595744680851
274950	0	0.09787234042553192
277300	1	0.1148936170212766
279650	1	0.11659574468085106
282000	1	0.1174468085106383
284350	1	0.10297872340425532
286700	1	0.14808510638297873
289050	1	0.14127659574468085
291400	0	0.13787234042553193
S_m	J_m	speciation_rate	death_proportion	trait_rate_meta	ecological_strength	intrasp_competition	intersp_competition	mutualism_proportion	generations	community_assembly_model	speciation_model	mutation_rate	alpha	sequence_length	J	m	speciation_prob	generation	_lambda	migrate_calculated	extrate_calculated	trait_rate_local	filtering_optimum	S	abund_h1	abund_h2	abund_h3	abund_h4	pi_h1	pi_h2	pi_h3	pi_h4	mean_pi	std_pi	skewness_pi	kurtosis_pi	median_pi	iqr_pi	mean_dxys	std_dxys	skewness_dxys	kurtosis_dxys	median_dxys	iqr_dxys	trees	trait_h1	trait_h2	trait_h3	trait_h4	mean_local_traits	std_local_traits	skewness_local_traits	kurtosis_local_traits	median_local_traits	iqr_local_traits	mean_regional_traits	std_regional_traits	skewness_regional_traits	kurtosis_regional_traits	median_regional_traits	iqr_regional_traits	reg_loc_mean_trait_dif	reg_loc_std_trait_dif	reg_loc_skewness_trait_dif	reg_loc_kurtosis_trait_dif	reg_loc_median_trait_dif	reg_loc_iqr_trait_dif	abundance_dxy_cor	abundance_pi_cor	abundance_trait_cor	dxy_pi_cor	dxy_trait_cor	pi_trait_cor	SGD_0	SGD_1	SGD_2	SGD_3	SGD_4	SGD_5	SGD_6	SGD_7	SGD_8	SGD_9
250	500000	2.0	0.7	2.0	0.00012	-1.0	-1.0	0.0	500	filtering	point_mutation	0.0	4855	570.0	1175.0	0.00078	0.00042	499.57447	0.12255	0.00076	0.00101	0.58824	-0.33034	5.0	1.67393	1.29033	1.21645	1.19043	2.68108	2.43274	2.26139	2.14858	0.00093	0.00095	0.6667	-0.86314	0.00082	0.00125	0.01112	0.0043	-1.04236	-0.45705	0.01316	0.00404	0.0	6.90034	6.07115	5.77467	5.58493	2.41742	0.49114	0.9645	-0.54147	2.22821	0.49515	-0.2847	3.51023	-0.68177	-0.69791	1.09109	5.20956	-2.70212	3.01909	-1.64627	-0.15644	-1.13711	4.71441	-0.3	0.82078	0.0	-0.30779	-0.7	-0.0513	2.0	0.0	0.0	1.0	1.0	0.0	0.0	0.0	0.0	1.0