S_m	J_m	speciation_rate	death_proportion	trait_rate_meta	ecological_strength	generations	community_assembly_model	speciation_model	mutation_rate	alpha	sequence_length	J	m	speciation_prob	generation	_lambda	migrate_calculated	extrate_calculated	trait_rate_local	filtering_optimum	S	abund_h1	abund_h2	abund_h3	abund_h4	pi_h1	pi_h2	pi_h3	pi_h4	mean_pi	std_pi	skewness_pi	kurtosis_pi	median_pi	iqr_pi	mean_dxys	std_dxys	skewness_dxys	kurtosis_dxys	median_dxys	iqr_dxys	trees	trait_h1	trait_h2	trait_h3	trait_h4	mean_local_traits	std_local_traits	skewness_local_traits	kurtosis_local_traits	median_local_traits	iqr_local_traits	mean_regional_traits	std_regional_traits	skewness_regional_traits	kurtosis_regional_traits	median_regional_traits	iqr_regional_traits	reg_loc_mean_trait_dif	reg_loc_std_trait_dif	reg_loc_skewness_trait_dif	reg_loc_kurtosis_trait_dif	reg_loc_median_trait_dif	reg_loc_iqr_trait_dif	abundance_dxy_cor	abundance_pi_cor	abundance_trait_cor	dxy_pi_cor	dxy_trait_cor	pi_trait_cor	SGD_0	SGD_1	SGD_2	SGD_3	SGD_4	SGD_5	SGD_6	SGD_7	SGD_8	SGD_9
100	750000	2.0	0.7	2.0	1.0	15	competition	point_mutation	0.0	2000	570.0	1000.0	0.01	0.0	15.0	0.941	0.01133	0.00387	0.58824	6.00451	10.0	5.76326	4.20872	3.49456	3.13864	1.9221	1.8546	1.79954	1.75636	0.0001	0.0002	1.81479	1.68646	0.0	0.0	0.00212	0.0017	0.52535	-0.14157	0.00219	0.00215	0.0	5.44506	4.85729	4.63666	4.52066	3.07336	3.72986	-0.70588	-0.74757	4.78427	6.01608	2.51108	3.22091	0.14991	-1.0663	1.92774	5.77173	-0.56228	-0.50895	0.85579	-0.31873	-2.85653	-0.24435	0.19453	-0.2768	0.46667	0.22558	0.34043	-0.2076	8.0	0.0	0.0	0.0	0.0	1.0	0.0	0.0	0.0	1.0
100	750000	2.0	0.7	2.0	1.0	15	competition	point_mutation	0.0	2000	570.0	1000.0	0.01	0.0	15.0	1.0	0.01027	0.00573	0.58824	0.83066	5.0	3.10684	2.50898	2.22964	2.08471	0.0	0.0	0.0	0.0	0.0	0.0	0.0	-3.0	0.0	0.0	0.00347	0.00506	1.43377	0.15958	0.00105	0.0014	0.0	4.59166	4.23201	4.00788	3.85008	-0.6249	4.80922	0.40504	-1.82888	-4.31187	9.60087	1.33589	3.20664	-0.29081	-0.78048	1.51846	4.55888	1.96079	-1.60258	-0.69585	1.04841	5.83033	-5.04199	0.7	0.0	-0.3	0.0	-0.8	0.0	0.0	0.0	0.0	0.0	0.0	5.0	0.0	0.0	0.0	0.0
100	750000	2.0	0.7	2.0	1.0	15	competition	point_mutation	0.0	2000	570.0	1000.0	0.01	0.0	15.0	1.0	0.01	0.00587	0.58824	-2.94675	3.0	2.14081	1.86932	1.74722	1.67824	0.0	0.0	0.0	0.0	0.0	0.0	0.0	-3.0	0.0	0.0	0.00444	0.00245	0.68269	-1.5	0.00298	0.00272	0.0	2.59714	2.43388	2.37348	2.34703	-3.28651	6.89588	0.70711	-1.5	-8.16141	7.3148	-1.58988	3.86305	-0.25817	-0.44933	-1.2566	4.08037	1.69663	-3.03283	-0.96528	1.05067	6.90481	-3.23443	1.0	0.0	0.5	0.0	0.5	0.0	0.0	0.0	0.0	0.0	0.0	3.0	0.0	0.0	0.0	0.0
100	750000	2.0	0.7	2.0	1.0	15	competition	point_mutation	0.0	2000	570.0	1000.0	0.01	0.0	15.0	0.053	0.0088	0.00533	0.58824	-2.08682	4.0	1.20226	1.08151	1.06147	1.05447	0.0	0.0	0.0	0.0	0.0	0.0	0.0	-3.0	0.0	0.0	0.00487	0.00707	1.10088	-0.71275	0.00123	0.00583	0.0	6.06572	5.75089	5.68782	5.664	1.76203	3.60654	-0.01538	-1.89786	1.82019	6.53688	0.93737	2.19048	0.31077	-0.36284	0.6635	3.33807	-0.82465	-1.41606	0.32615	1.53502	-1.15669	-3.1988	1.0	0.0	0.4	0.0	0.4	0.0	0.0	0.0	0.0	0.0	0.0	4.0	0.0	0.0	0.0	0.0
100	750000	2.0	0.7	2.0	1.0	15	competition	point_mutation	0.0	2000	570.0	1000.0	0.01	0.0	15.0	1.0	0.00947	0.00293	0.58824	0.81869	4.0	2.91778	2.51931	2.34794	2.25364	0.0	0.0	0.0	0.0	0.0	0.0	0.0	-3.0	0.0	0.0	0.00246	0.00088	-0.0	-1.0784	0.00246	0.00088	0.0	3.1222	2.7351	2.59132	2.52748	1.61682	3.45855	-0.01068	-1.97551	1.69941	6.63726	1.81789	2.02607	0.02587	-1.04342	1.78691	3.42292	0.20107	-1.43248	0.03655	0.93209	0.0875	-3.21434	-0.2	0.0	-0.4	0.0	0.8	0.0	0.0	0.0	0.0	0.0	0.0	4.0	0.0	0.0	0.0	0.0
100	750000	2.0	0.7	2.0	1.0	15	competition	point_mutation	0.0	2000	570.0	1000.0	0.01	0.0	15.0	0.764	0.00947	0.00427	0.58824	2.72272	6.0	3.12801	2.49843	2.2339	2.09672	1.88988	1.8	1.73205	1.68272	0.00018	0.00027	1.12226	-0.36735	0.0	0.00026	0.00743	0.011	1.70055	1.04247	0.00307	0.00311	0.0	6.68548	5.21383	4.37326	3.88747	1.5937	3.26481	-0.03025	-1.8821	1.64444	5.93536	1.15224	2.20392	0.13117	-0.55426	1.02526	3.02179	-0.44146	-1.06088	0.16142	1.32785	-0.61918	-2.91357	0.65714	0.77754	-0.2	0.67612	-0.14286	-0.67612	4.0	0.0	0.0	0.0	0.0	1.0	0.0	0.0	0.0	1.0
100	750000	2.0	0.7	2.0	1.0	15	competition	point_mutation	0.0	2000	570.0	1000.0	0.01	0.0	15.0	1.0	0.00827	0.0044	0.58824	-0.06825	2.0	1.72504	1.5614	1.47334	1.42507	1.0	1.0	1.0	1.0	0.00018	0.00018	0.0	-2.0	0.00018	0.00018	0.00149	9e-05	0.0	-2.0	0.00149	9e-05	0.0	2.3585	2.3585	2.3585	2.3585	1.22122	5.53129	0.0	-2.0	1.22122	5.53129	1.08984	2.72771	-0.1386	-0.23349	1.16408	3.42179	-0.13138	-2.80358	-0.1386	1.76651	-0.05714	-2.1095	-1.0	1.0	0.0	-1.0	0.0	0.0	1.0	0.0	0.0	0.0	0.0	0.0	0.0	0.0	0.0	1.0
100	750000	2.0	0.7	2.0	1.0	15	competition	point_mutation	0.0	2000	570.0	1000.0	0.01	0.0	15.0	1.0	0.01	0.0048	0.58824	0.31421	5.0	2.1368	1.7172	1.56158	1.49286	0.0	0.0	0.0	0.0	0.0	0.0	0.0	-3.0	0.0	0.0	0.00572	0.00656	1.18475	-0.17976	0.00368	0.00474	0.0	4.06143	3.76564	3.64483	3.57275	-1.50911	2.02441	0.60496	-1.29379	-2.69984	2.93638	-1.21224	2.45296	-0.50782	-0.55433	-0.75729	3.14184	0.29687	0.42854	-1.11277	0.73946	1.94255	0.20546	-0.41039	0.0	0.66689	0.0	-0.7	0.0	0.0	0.0	0.0	0.0	0.0	5.0	0.0	0.0	0.0	0.0
100	750000	2.0	0.7	2.0	1.0	15	competition	point_mutation	0.0	2000	570.0	1000.0	0.01	0.0	15.0	1.0	0.01093	0.00733	0.58824	-2.80911	2.0	1.60465	1.42142	1.34197	1.304	0.0	0.0	0.0	0.0	0.0	0.0	0.0	-3.0	0.0	0.0	9e-05	9e-05	0.0	-2.0	9e-05	9e-05	0.0	2.59728	2.59728	2.59728	2.59728	-0.57539	4.94522	0.0	-2.0	-0.57539	4.94522	-1.17631	2.86162	0.05605	-0.59468	-1.27287	4.11778	-0.60092	-2.08359	0.05605	1.40532	-0.69749	-0.82743	1.0	0.0	0.0	0.0	0.0	0.0	0.0	0.0	0.0	0.0	0.0	2.0	0.0	0.0	0.0	0.0
100	750000	2.0	0.7	2.0	1.0	15	competition	point_mutation	0.0	2000	570.0	1000.0	0.01	0.0	15.0	0.025	0.01	0.00667	0.58824	0.081	2.0	1.02642	1.00803	1.00603	1.00536	1.0	1.0	1.0	1.0	0.00035	0.00035	0.0	-2.0	0.00035	0.00035	0.00965	0.00421	0.0	-2.0	0.00965	0.00421	0.0	15.84311	15.84311	15.84311	15.84311	-0.04758	3.01241	0.0	-2.0	-0.04758	3.01241	-0.18477	2.19537	-0.34357	-0.75174	0.47279	3.49131	-0.13719	-0.81705	-0.34357	1.24826	0.52037	0.47889	1.0	1.0	0.0	1.0	0.0	0.0	1.0	0.0	0.0	0.0	0.0	0.0	0.0	0.0	0.0	1.0
100	750000	2.0	0.7	2.0	1.0	15	competition	point_mutation	0.0	2000	570.0	1000.0	0.01	0.0	15.0	1.0	0.0124	0.00707	0.58824	2.70026	2.0	1.06716	1.02429	1.01827	1.01623	1.0	1.0	1.0	1.0	0.00018	0.00018	0.0	-2.0	0.00018	0.00018	0.00316	0.00088	0.0	-2.0	0.00316	0.00088	0.0	9.18398	9.18398	9.18398	9.18398	0.55764	3.43788	0.0	-2.0	0.55764	3.43788	1.53514	2.02794	-0.29369	-0.45928	1.66642	2.8976	0.9775	-1.40994	-0.29369	1.54072	1.10878	-0.54028	1.0	1.0	0.0	1.0	0.0	0.0	1.0	0.0	0.0	0.0	0.0	0.0	0.0	0.0	0.0	1.0
100	750000	2.0	0.7	2.0	1.0	15	competition	point_mutation	0.0	2000	570.0	1000.0	0.01	0.0	15.0	1.0	0.01187	0.00747	0.58824	1.39798	4.0	1.82647	1.42725	1.32358	1.284	0.0	0.0	0.0	0.0	0.0	0.0	0.0	-3.0	0.0	0.0	0.00333	0.00358	0.76225	-1.05452	0.00202	0.00447	0.0	4.55164	4.035	3.8935	3.83843	1.5344	5.4463	-0.00119	-1.99841	1.60762	10.81009	1.52232	3.07757	-0.28854	-0.74027	2.17171	4.98441	-0.01209	-2.36873	-0.28735	1.25814	0.56409	-5.82568	0.2	0.0	-0.8	0.0	-0.4	0.0	0.0	0.0	0.0	0.0	0.0	4.0	0.0	0.0	0.0	0.0
100	750000	2.0	0.7	2.0	1.0	15	competition	point_mutation	0.0	2000	570.0	1000.0	0.01	0.0	15.0	1.0	0.00947	0.00333	0.58824	0.44524	3.0	2.00032	1.95769	1.93288	1.91137	1.0	1.0	1.0	1.0	0.00032	0.00046	0.70711	-1.5	0.0	0.00049	0.00392	0.00493	0.69038	-1.5	0.00088	0.00544	0.0	2.05025	2.03378	2.03203	2.03144	-0.60128	3.8526	0.70669	-1.5	-3.27116	4.1131	0.20812	2.49264	-0.51528	-0.43292	0.46797	3.48614	0.8094	-1.35995	-1.22197	1.06708	3.73913	-0.62695	0.5	0.86603	0.5	0.0	1.0	0.0	2.0	0.0	0.0	0.0	0.0	0.0	0.0	0.0	0.0	1.0
100	750000	2.0	0.7	2.0	1.0	15	competition	point_mutation	0.0	2000	570.0	1000.0	0.01	0.0	15.0	1.0	0.00907	0.0056	0.58824	-3.20658	2.0	1.00794	1.002	1.0015	1.00133	0.0	0.0	0.0	0.0	0.0	0.0	0.0	-3.0	0.0	0.0	0.0007	0.0007	0.0	-2.0	0.0007	0.0007	0.0	31.6386	31.6386	31.6386	31.6386	0.62839	4.73587	0.0	-2.0	0.62839	4.73587	0.89649	3.05802	-0.13818	-1.06432	1.15101	5.08904	0.2681	-1.67784	-0.13818	0.93568	0.52262	0.35317	-1.0	0.0	0.0	0.0	0.0	0.0	0.0	0.0	0.0	0.0	0.0	2.0	0.0	0.0	0.0	0.0
100	750000	2.0	0.7	2.0	1.0	15	competition	point_mutation	0.0	2000	570.0	1000.0	0.01	0.0	15.0	0.024	0.00867	0.00587	0.58824	1.72022	2.0	1.03198	1.01005	1.00755	1.00671	0.0	0.0	0.0	0.0	0.0	0.0	0.0	-3.0	0.0	0.0	0.00482	0.00307	0.0	-2.0	0.00482	0.00307	0.0	14.17762	14.17762	14.17762	14.17762	0.49328	5.56245	0.0	-2.0	0.49328	5.56245	0.63647	2.895	-0.1961	0.04389	1.21594	3.87015	0.1432	-2.66745	-0.1961	2.04389	0.72266	-1.6923	1.0	0.0	0.0	0.0	0.0	0.0	0.0	0.0	0.0	0.0	0.0	2.0	0.0	0.0	0.0	0.0
100	750000	2.0	0.7	2.0	1.0	15	competition	point_mutation	0.0	2000	570.0	1000.0	0.01	0.0	15.0	1.0	0.0116	0.00693	0.58824	0.06463	3.0	1.74768	1.53644	1.44441	1.3971	1.0	1.0	1.0	1.0	0.00012	0.00017	0.70711	-1.5	0.0	0.00018	0.00146	0.00122	0.07189	-1.5	0.0014	0.00149	0.0	2.48677	2.44606	2.44075	2.43895	-0.30401	4.44715	0.70448	-1.5	-3.29094	4.79317	1.24141	2.47258	-0.72296	0.47348	1.62976	2.54569	1.54542	-1.97457	-1.42745	1.97348	4.92069	-2.24747	0.5	0.0	-0.5	0.86603	0.5	0.86603	2.0	0.0	0.0	0.0	0.0	0.0	0.0	0.0	0.0	1.0
100	750000	2.0	0.7	2.0	1.0	15	competition	point_mutation	0.0	2000	570.0	1000.0	0.01	0.0	15.0	1.0	0.01013	0.00347	0.58824	-4.45425	8.0	4.50433	3.91172	3.5701	3.3473	2.79076	2.62979	2.51169	2.42575	0.00024	0.00034	1.03446	-0.47178	0.0	0.00042	0.0016	0.00097	0.09071	-1.28394	0.00158	0.00175	0.0	4.80015	4.30024	4.03859	3.87614	-1.62227	2.05268	-0.28122	-1.41654	-1.45983	3.46029	-0.79987	2.12431	0.45469	0.09326	-0.95507	2.83852	0.8224	0.07163	0.73591	1.50979	0.50475	-0.62177	-0.22892	0.63114	0.63474	-0.01372	-0.64672	0.30005	5.0	0.0	0.0	1.0	0.0	0.0	1.0	0.0	0.0	1.0
100	750000	2.0	0.7	2.0	1.0	15	competition	point_mutation	0.0	2000	570.0	1000.0	0.01	0.0	15.0	1.0	0.0092	0.006	0.58824	-7.23496	7.0	3.69543	2.91916	2.55995	2.36941	1.84202	1.72414	1.64399	1.59123	0.00017	0.00029	1.4852	0.62816	0.0	0.00018	0.00291	0.00508	1.98201	2.03997	0.00105	0.00096	0.0	4.73697	4.1327	3.85765	3.70456	-0.32459	5.9566	-0.29537	-1.83557	4.04565	11.19108	-1.74239	4.27265	0.07657	-1.17376	-1.66724	7.44246	-1.4178	-1.68395	0.37194	0.6618	-5.71289	-3.74862	0.2364	-0.22272	0.10714	0.1134	0.32733	0.57907	5.0	0.0	0.0	0.0	1.0	0.0	0.0	0.0	0.0	1.0
100	750000	2.0	0.7	2.0	1.0	15	competition	point_mutation	0.0	2000	570.0	1000.0	0.01	0.0	15.0	1.0	0.0104	0.0048	0.58824	2.46869	2.0	1.06716	1.02429	1.01827	1.01623	1.0	1.0	1.0	1.0	0.00041	0.00041	0.0	-2.0	0.00041	0.00041	0.00237	0.00061	-0.0	-2.0	0.00237	0.00061	0.0	9.18398	9.18398	9.18398	9.18398	1.99429	3.88345	0.0	-2.0	1.99429	3.88345	2.24856	2.99668	-0.2434	-1.18497	2.84972	5.39263	0.25428	-0.88676	-0.2434	0.81503	0.85543	1.50918	1.0	-1.0	1.0	-1.0	1.0	-1.0	1.0	0.0	0.0	0.0	0.0	0.0	0.0	0.0	0.0	1.0
100	750000	2.0	0.7	2.0	1.0	15	competition	point_mutation	0.0	2000	570.0	1000.0	0.01	0.0	15.0	0.455	0.00867	0.00493	0.58824	-2.56759	5.0	2.9409	2.45886	2.24892	2.13595	1.0	1.0	1.0	1.0	7e-05	0.00014	1.5	0.25	0.0	0.0	0.00705	0.01325	1.49032	0.23653	0.0	0.00175	0.0	3.36942	2.91194	2.73047	2.64679	-1.71704	2.96603	-0.33896	-1.77672	0.23504	5.4319	-2.21076	1.98063	-0.18374	-0.18817	-2.08258	2.60855	-0.49372	-0.9854	0.15522	1.58856	-2.31763	-2.82335	0.67082	0.70711	0.1	0.79057	-0.33541	-0.35355	4.0	0.0	0.0	0.0	0.0	0.0	0.0	0.0	0.0	1.0
100	750000	2.0	0.7	2.0	1.0	15	competition	point_mutation	0.0	2000	570.0	1000.0	0.01	0.0	15.0	1.0	0.01147	0.0048	0.58824	-0.04682	3.0	1.47464	1.28781	1.22618	1.20018	0.0	0.0	0.0	0.0	0.0	0.0	0.0	-3.0	0.0	0.0	0.00094	0.00072	-0.23906	-1.5	0.00105	0.00088	0.0	3.018	3.00695	3.00596	3.00563	0.47955	4.30599	-0.7062	-1.5	3.43482	4.61108	-0.48039	2.34725	-0.44538	-0.31722	-0.17691	3.12145	-0.95994	-1.95874	0.26082	1.18278	-3.61172	-1.48963	0.5	0.0	-0.5	0.0	-1.0	0.0	0.0	0.0	0.0	0.0	0.0	3.0	0.0	0.0	0.0	0.0
100	750000	2.0	0.7	2.0	1.0	15	competition	point_mutation	0.0	2000	570.0	1000.0	0.01	0.0	15.0	1.0	0.0112	0.00507	0.58824	-2.17494	6.0	3.02266	2.59321	2.46067	2.4039	0.0	0.0	0.0	0.0	0.0	0.0	0.0	-3.0	0.0	0.0	0.00105	0.00138	1.54877	0.75664	0.00053	0.00075	0.0	2.9674	2.59135	2.46846	2.41579	-1.38129	4.35451	-0.00374	-1.9812	-1.40568	8.4048	-0.22917	3.15201	0.18966	-0.43658	-0.32277	4.49996	1.15212	-1.2025	0.1934	1.54462	1.08291	-3.90485	0.55078	0.0	0.37685	0.0	0.71429	0.0	0.0	0.0	0.0	0.0	0.0	6.0	0.0	0.0	0.0	0.0
100	750000	2.0	0.7	2.0	1.0	15	competition	point_mutation	0.0	2000	570.0	1000.0	0.01	0.0	15.0	1.0	0.01013	0.00493	0.58824	4.68059	2.0	1.31503	1.168	1.1292	1.11434	1.0	1.0	1.0	1.0	0.00031	0.00031	0.0	-2.0	0.00031	0.00031	0.00307	0.00079	0.0	-2.0	0.00307	0.00079	0.0	3.72896	3.72896	3.72896	3.72896	-0.95736	4.55891	0.0	-2.0	-0.95736	4.55891	0.18968	2.63717	-0.76994	0.17855	0.45171	3.37662	1.14704	-1.92173	-0.76994	2.17855	1.40907	-1.18229	1.0	-1.0	0.0	-1.0	0.0	0.0	1.0	0.0	0.0	0.0	0.0	0.0	0.0	0.0	0.0	1.0
100	750000	2.0	0.7	2.0	1.0	15	competition	point_mutation	0.0	2000	570.0	1000.0	0.01	0.0	15.0	1.0	0.01067	0.0068	0.58824	-0.8077	2.0	1.45473	1.27754	1.21795	1.1929	0.0	0.0	0.0	0.0	0.0	0.0	0.0	-3.0	0.0	0.0	0.00465	0.00377	0.0	-2.0	0.00465	0.00377	0.0	3.03415	3.03415	3.03415	3.03415	1.10345	3.59466	0.0	-2.0	1.10345	3.59466	-0.64331	2.06846	0.56354	0.41814	-1.03677	2.28286	-1.74675	-1.5262	0.56354	2.41814	-2.14022	-1.3118	-1.0	0.0	0.0	0.0	0.0	0.0	0.0	0.0	0.0	0.0	0.0	2.0	0.0	0.0	0.0	0.0
100	750000	2.0	0.7	2.0	1.0	15	competition	point_mutation	0.0	2000	570.0	1000.0	0.01	0.0	15.0	0.427	0.0096	0.00493	0.58824	-7.50089	5.0	3.05585	2.41537	2.14909	2.01485	1.0	1.0	1.0	1.0	0.00021	0.00042	1.5	0.25	0.0	0.0	0.00319	0.00425	1.40691	0.1299	0.00123	0.00105	0.0	6.31869	4.96524	4.29398	3.93486	-1.47015	4.94468	-0.23432	-1.7016	1.17894	8.74322	-1.44419	3.41666	-0.37897	0.12553	-1.27732	4.00797	0.02596	-1.52802	-0.14465	1.82713	-2.45626	-4.73525	0.1	0.70711	-0.7	0.70711	-0.4	-0.70711	4.0	0.0	0.0	0.0	0.0	0.0	0.0	0.0	0.0	1.0
100	750000	2.0	0.7	2.0	1.0	15	competition	point_mutation	0.0	2000	570.0	1000.0	0.01	0.0	15.0	1.0	0.0108	0.0032	0.58824	0.74822	2.0	1.02642	1.00803	1.00603	1.00536	1.0	1.0	1.0	1.0	0.00018	0.00018	0.0	-2.0	0.00018	0.00018	0.00193	0.00175	0.0	-2.0	0.00193	0.00175	0.0	15.84311	15.84311	15.84311	15.84311	-0.67017	3.67527	0.0	-2.0	-0.67017	3.67527	0.06183	1.76012	-0.17403	0.22373	0.02838	1.77483	0.732	-1.91515	-0.17403	2.22373	0.69855	-1.90044	1.0	-1.0	0.0	-1.0	0.0	0.0	1.0	0.0	0.0	0.0	0.0	0.0	0.0	0.0	0.0	1.0
100	750000	2.0	0.7	2.0	1.0	15	competition	point_mutation	0.0	2000	570.0	1000.0	0.01	0.0	15.0	0.086	0.0092	0.00587	0.58824	-8.19024	4.0	1.37086	1.15957	1.12031	1.10635	1.0	1.0	1.0	1.0	9e-05	0.00015	1.1547	-0.66667	0.0	9e-05	0.00325	0.00426	1.06338	-0.74382	0.00123	0.00368	0.0	7.66632	6.24651	5.59933	5.26574	0.20867	7.12161	0.07352	-1.90213	-0.54668	13.23137	0.08111	4.91421	0.26619	-0.84394	-0.26385	6.86983	-0.12757	-2.20739	0.19268	1.05818	0.28283	-6.36154	0.8	0.7746	-0.2	0.7746	-0.4	-0.7746	3.0	0.0	0.0	0.0	0.0	0.0	0.0	0.0	0.0	1.0
100	750000	2.0	0.7	2.0	1.0	15	competition	point_mutation	0.0	2000	570.0	1000.0	0.01	0.0	15.0	1.0	0.01027	0.0044	0.58824	1.35569	3.0	2.94732	2.90003	2.85843	2.82234	0.0	0.0	0.0	0.0	0.0	0.0	0.0	-3.0	0.0	0.0	0.00655	0.00815	0.7049	-1.5	0.00105	0.00877	0.0	3.2493	3.24414	3.23888	3.23348	-0.75895	4.9287	0.707	-1.5	-4.20907	5.24505	0.29619	2.94276	0.02253	-0.67875	0.15612	4.50649	1.05514	-1.98594	-0.68447	0.82125	4.3652	-0.73857	-0.5	0.0	-0.5	0.0	-0.5	0.0	0.0	0.0	0.0	0.0	0.0	3.0	0.0	0.0	0.0	0.0
100	750000	2.0	0.7	2.0	1.0	15	competition	point_mutation	0.0	2000	570.0	1000.0	0.01	0.0	15.0	1.0	0.01	0.00347	0.58824	-4.72541	7.0	4.52163	4.04034	3.79225	3.63668	2.79081	2.65574	2.57143	2.51767	0.0003	0.00038	0.71844	-1.2563	0.0	0.00058	0.00125	0.00108	0.84884	-0.69404	0.0007	0.0014	0.0	5.85027	5.2533	4.96897	4.76452	-2.5451	3.59422	0.11182	-1.70851	-4.71964	6.35308	-1.98956	2.71192	0.08553	-0.83448	-2.11	4.7329	0.55554	-0.88229	-0.02629	0.87403	2.60963	-1.62018	0.07143	-0.78811	0.42857	0.15762	-0.35714	-0.47287	4.0	0.0	0.0	1.0	0.0	0.0	0.0	0.0	1.0	1.0
100	750000	2.0	0.7	2.0	1.0	15	competition	point_mutation	0.0	2000	570.0	1000.0	0.01	0.0	15.0	0.558	0.01013	0.0028	0.58824	0.10332	13.0	5.43082	3.69424	3.11768	2.85667	3.79054	3.62894	3.50508	3.40855	0.0002	0.00032	1.20709	-0.15854	0.0	0.00035	0.00498	0.00546	2.07072	3.76514	0.00298	0.00228	0.0	6.13177	4.35955	3.80178	3.56935	0.66605	2.01186	-0.51556	-0.97249	1.41697	2.92609	-0.63569	2.38557	0.30388	-0.32181	-0.58394	3.39976	-1.30174	0.3737	0.81944	0.65068	-2.00091	0.47367	0.07873	0.34273	0.08253	0.39759	-0.4	-0.14764	9.0	0.0	0.0	1.0	0.0	0.0	1.0	1.0	0.0	1.0
100	750000	2.0	0.7	2.0	1.0	15	competition	point_mutation	0.0	2000	570.0	1000.0	0.01	0.0	15.0	1.0	0.01387	0.0072	0.58824	3.86742	4.0	2.33039	2.14353	2.08165	2.04699	0.0	0.0	0.0	0.0	0.0	0.0	0.0	-3.0	0.0	0.0	0.00285	0.00434	1.14338	-0.67537	0.00053	0.00285	0.0	7.19197	6.55302	5.48634	4.30534	3.66528	4.16016	-0.0093	-1.98758	3.82355	8.13767	3.29947	2.13873	-0.09567	0.07244	3.07747	2.77697	-0.36581	-2.02143	-0.08637	2.06002	-0.74608	-5.36069	0.8	0.0	0.2	0.0	-0.4	0.0	0.0	0.0	0.0	0.0	0.0	4.0	0.0	0.0	0.0	0.0
100	750000	2.0	0.7	2.0	1.0	15	competition	point_mutation	0.0	2000	570.0	1000.0	0.01	0.0	15.0	0.994	0.01013	0.00587	0.58824	-1.73942	4.0	1.11474	1.03686	1.02762	1.02451	2.0	2.0	2.0	2.0	0.00018	0.00018	0.0	-2.0	0.00018	0.00035	0.01018	0.01186	1.03169	-0.75009	0.00518	0.00904	0.0	11.98547	11.80257	11.74673	11.71128	-0.37626	3.97474	0.05314	-1.86142	-0.57239	7.07913	-1.17664	2.32593	-0.03457	-0.32527	-1.26902	3.2815	-0.80038	-1.64881	-0.08771	1.53615	-0.69663	-3.79763	0.8	0.89443	-0.6	0.89443	-0.8	-0.89443	2.0	0.0	0.0	0.0	0.0	0.0	0.0	0.0	0.0	2.0
100	750000	2.0	0.7	2.0	1.0	15	competition	point_mutation	0.0	2000	570.0	1000.0	0.01	0.0	15.0	1.0	0.01	0.0032	0.58824	0.59537	6.0	2.92928	2.5178	2.35007	2.25706	2.0	2.0	2.0	2.0	0.00012	0.00017	0.70711	-1.5	0.0	0.00026	0.00342	0.00202	0.88098	-0.71325	0.00254	0.00259	0.0	3.01973	2.70082	2.58497	2.52767	-0.3779	2.45183	0.00943	-1.94634	-0.38925	4.74918	-0.56782	1.77917	0.03159	0.31215	-0.64638	1.82285	-0.18992	-0.67266	0.02216	2.25848	-0.25713	-2.92633	0.81168	-0.10502	0.98561	0.0	0.82857	-0.20702	4.0	0.0	0.0	0.0	0.0	0.0	0.0	0.0	0.0	2.0
100	750000	2.0	0.7	2.0	1.0	15	competition	point_mutation	0.0	2000	570.0	1000.0	0.01	0.0	15.0	0.027	0.01067	0.0076	0.58824	2.76538	2.0	1.03736	1.01207	1.00907	1.00806	1.0	1.0	1.0	1.0	0.00018	0.00018	0.0	-2.0	0.00018	0.00018	0.01921	0.0164	0.0	-2.0	0.01921	0.0164	0.0	12.94885	12.94885	12.94885	12.94885	1.86617	3.71739	-0.0	-2.0	1.86617	3.71739	1.45585	2.40108	0.30544	-1.04517	1.13677	3.86851	-0.41033	-1.31631	0.30544	0.95483	-0.7294	0.15111	1.0	-1.0	1.0	-1.0	1.0	-1.0	1.0	0.0	0.0	0.0	0.0	0.0	0.0	0.0	0.0	1.0
100	750000	2.0	0.7	2.0	1.0	15	competition	point_mutation	0.0	2000	570.0	1000.0	0.01	0.0	15.0	1.0	0.0088	0.00547	0.58824	4.0083	3.0	1.12923	1.04725	1.03552	1.03151	1.0	1.0	1.0	1.0	0.00032	0.00046	0.70711	-1.5	0.0	0.00049	0.00357	0.00356	0.49531	-1.5	0.00228	0.00421	0.0	14.24641	13.3964	12.51563	11.47827	0.97856	5.92638	0.70633	-1.5	-3.09774	6.34199	3.78451	3.93797	-0.37332	-0.9703	4.47839	5.95252	2.80595	-1.98841	-1.07965	0.5297	7.57613	-0.38947	1.0	0.0	-1.0	0.0	-1.0	0.0	2.0	0.0	0.0	0.0	0.0	0.0	0.0	0.0	0.0	1.0
100	750000	2.0	0.7	2.0	1.0	15	competition	point_mutation	0.0	2000	570.0	1000.0	0.01	0.0	15.0	0.025	0.01147	0.0076	0.58824	3.71573	4.0	1.03744	1.01007	1.00755	1.00671	1.0	1.0	1.0	1.0	9e-05	0.00015	1.1547	-0.66667	0.0	9e-05	0.005	0.00785	1.15268	-0.6682	0.00061	0.00474	0.0	25.58778	24.79725	24.27734	23.89459	1.94271	3.4926	0.0506	-1.91133	1.72492	6.42797	1.18701	1.86459	0.63521	-0.27703	0.80952	2.28794	-0.7557	-1.628	0.58461	1.6343	-0.91541	-4.14003	0.94868	0.8165	-0.63246	0.7746	-0.4	-0.2582	3.0	0.0	0.0	0.0	0.0	0.0	0.0	0.0	0.0	1.0
100	750000	2.0	0.7	2.0	1.0	15	competition	point_mutation	0.0	2000	570.0	1000.0	0.01	0.0	15.0	0.626	0.0096	0.0028	0.58824	-1.00758	9.0	4.99614	4.2084	3.76819	3.48359	4.0	4.0	4.0	4.0	0.00016	0.00017	0.22361	-1.95	0.0	0.00035	0.00639	0.00695	1.61306	1.5844	0.00368	0.00737	0.0	5.3209	4.81392	4.57144	4.41173	2.29882	2.2284	-0.43981	-1.2311	3.25235	3.53069	1.60425	2.5634	0.14503	0.05929	1.68913	3.66886	-0.69457	0.335	0.58484	1.29038	-1.56322	0.13817	0.38494	0.69573	0.32636	0.60622	-0.33333	0.17321	5.0	0.0	0.0	0.0	0.0	0.0	0.0	0.0	0.0	4.0
100	750000	2.0	0.7	2.0	1.0	15	competition	point_mutation	0.0	2000	570.0	1000.0	0.01	0.0	15.0	1.0	0.0084	0.0044	0.58824	-1.95731	2.0	1.60465	1.42142	1.34197	1.304	1.0	1.0	1.0	1.0	0.00018	0.00018	0.0	-2.0	0.00018	0.00018	0.00132	0.00114	0.0	-2.0	0.00132	0.00114	0.0	2.59728	2.59728	2.59728	2.59728	-2.14231	4.97689	-0.0	-2.0	-2.14231	4.97689	-1.96055	2.7245	0.02947	-0.85587	-1.86495	3.90429	0.18176	-2.2524	0.02947	1.14413	0.27736	-1.0726	-1.0	-1.0	-1.0	1.0	1.0	1.0	1.0	0.0	0.0	0.0	0.0	0.0	0.0	0.0	0.0	1.0
100	750000	2.0	0.7	2.0	1.0	15	competition	point_mutation	0.0	2000	570.0	1000.0	0.01	0.0	15.0	1.0	0.01067	0.00507	0.58824	3.30269	3.0	2.16666	2.06334	2.03591	2.02103	1.0	1.0	1.0	1.0	0.00031	0.00044	0.70711	-1.5	0.0	0.00047	0.00129	0.0017	0.70144	-1.5	0.00018	0.00184	0.0	5.09993	3.04878	2.53207	2.36061	6.92722	6.80807	-0.69812	-1.5	11.2911	7.43251	6.18223	2.81907	-0.92298	1.16503	6.57411	2.98261	-0.74499	-3.989	-0.22486	2.66503	-4.71699	-4.4499	1.0	0.86603	-1.0	0.86603	-1.0	-0.86603	2.0	0.0	0.0	0.0	0.0	0.0	0.0	0.0	0.0	1.0
100	750000	2.0	0.7	2.0	1.0	15	competition	point_mutation	0.0	2000	570.0	1000.0	0.01	0.0	15.0	0.051	0.00773	0.00493	0.58824	-3.96794	3.0	1.20557	1.08171	1.06147	1.05447	1.0	1.0	1.0	1.0	0.00035	0.0005	0.70711	-1.5	0.0	0.00053	0.00667	0.00525	0.3818	-1.5	0.00526	0.00632	0.0	6.13657	6.0232	6.0072	6.00161	-0.24597	3.3376	-0.70708	-1.5	2.1026	3.54577	-0.45028	2.11529	-0.40349	-0.54804	-0.46469	3.10911	-0.20431	-1.2223	0.30359	0.95196	-2.56729	-0.43666	0.5	0.86603	-0.5	0.0	0.5	-0.86603	2.0	0.0	0.0	0.0	0.0	0.0	0.0	0.0	0.0	1.0
