0	1	0.0002390057361376673
8368	1	0.0019120458891013384
16736	0	0.0014340344168260039
25104	1	0.0033460803059273425
33472	0	0.0057361376673040155
41840	1	0.0074091778202676865
50208	1	0.0057361376673040155
58576	1	0.010277246653919695
66944	1	0.006931166347992352
75312	1	0.006453154875717017
83680	1	0.004541108986615679
92048	1	0.006453154875717017
100416	1	0.0076481835564053535
108784	1	0.00621414913957935
117152	1	0.00884321223709369
125520	1	0.0124282982791587
133888	1	0.011711281070745698
142256	1	0.01410133843212237
150624	1	0.013145315487571701
158992	1	0.012189292543021032
167360	1	0.010994263862332695
175728	1	0.013862332695984704
184096	1	0.011950286806883365
192464	1	0.016491395793499043
200832	1	0.018881453154875716
209200	1	0.013862332695984704
217568	1	0.0248565965583174
225936	1	0.025095602294455066
234304	1	0.025334608030592735
242672	1	0.017925430210325048
251040	1	0.021510516252390057
259408	1	0.023661567877629065
267776	1	0.020793499043977055
276144	1	0.027246653919694074
284512	1	0.023661567877629065
292880	1	0.026051625239005737
301248	1	0.02844168260038241
309616	1	0.02820267686424474
317984	1	0.03561185468451243
326352	1	0.0365678776290631
334720	1	0.04612810707456979
343088	1	0.04875717017208413
351456	1	0.0482791586998088
359824	1	0.052103250478011474
368192	1	0.06453154875717017
376560	1	0.06716061185468451
384928	1	0.07170172084130019
393296	1	0.07791586998087954
401664	1	0.09464627151051626
410032	1	0.11639579349904397
418400	1	0.1037284894837476
426768	1	0.10062141491395793
435136	1	0.11878585086042065
443504	1	0.11065965583173996
451872	0	0.10205544933078393
460240	1	0.09631931166347993
468608	1	0.0979923518164436
476976	1	0.09703632887189292
485344	1	0.09775334608030593
493712	1	0.08891013384321224
502080	0	0.0913001912045889
510448	1	0.09106118546845124
518816	1	0.10420650095602295
527184	1	0.10826959847036328
535552	1	0.11328871892925431
543920	1	0.1104206500956023
552288	1	0.10564053537284895
560656	1	0.11281070745697896
569024	1	0.10707456978967496
577392	1	0.10779158699808795
585760	1	0.11639579349904397
594128	1	0.09464627151051626
602496	1	0.1015774378585086
610864	1	0.09440726577437858
619232	1	0.10492351816443594
627600	1	0.0987093690248566
635968	1	0.1089866156787763
644336	1	0.10683556405353728
652704	1	0.1037284894837476
661072	1	0.11352772466539197
669440	1	0.11137667304015296
677808	1	0.09440726577437858
686176	1	0.10301147227533461
694544	1	0.10874760994263863
702912	1	0.10779158699808795
711280	1	0.0994263862332696
719648	1	0.09966539196940727
728016	1	0.10635755258126195
736384	1	0.10325047801147227
744752	1	0.11950286806883365
753120	1	0.11304971319311663
761488	1	0.11926386233269598
769856	1	0.11448374760994263
778224	1	0.12547801147227533
786592	1	0.11878585086042065
794960	1	0.1125717017208413
803328	1	0.12380497131931166
811696	1	0.11687380497131931
820064	1	0.1118546845124283
828432	1	0.10109942638623327
836800	1	0.10133843212237094
845168	1	0.10133843212237094
853536	1	0.09225621414913958
861904	1	0.07743785850860421
870272	1	0.07552581261950286
878640	1	0.07433078393881454
887008	1	0.07002868068833652
895376	0	0.07098470363288718
903744	1	0.08675908221797324
912112	1	0.08484703632887189
920480	1	0.09273422562141491
928848	0	0.10038240917782026
937216	1	0.10277246653919694
945584	1	0.10970363288718929
953952	0	0.09894837476099426
962320	1	0.11328871892925431
970688	1	0.125717017208413
979056	1	0.13575525812619502
987424	1	0.14005736137667305
995792	1	0.15583173996175909
1004160	1	0.1477055449330784
1012528	1	0.15248565965583175
1020896	1	0.1527246653919694
1029264	1	0.16730401529636713
1037632	1	0.17375717017208414
S_m	J_m	speciation_rate	death_proportion	trait_rate_meta	ecological_strength	intrasp_competition	intersp_competition	mutualism_proportion	generations	community_assembly_model	speciation_model	mutation_rate	alpha	sequence_length	J	m	speciation_prob	generation	_lambda	migrate_calculated	extrate_calculated	trait_rate_local	filtering_optimum	S	abund_h1	abund_h2	abund_h3	abund_h4	pi_h1	pi_h2	pi_h3	pi_h4	mean_pi	std_pi	skewness_pi	kurtosis_pi	median_pi	iqr_pi	mean_dxys	std_dxys	skewness_dxys	kurtosis_dxys	median_dxys	iqr_dxys	trees	trait_h1	trait_h2	trait_h3	trait_h4	mean_local_traits	std_local_traits	skewness_local_traits	kurtosis_local_traits	median_local_traits	iqr_local_traits	mean_regional_traits	std_regional_traits	skewness_regional_traits	kurtosis_regional_traits	median_regional_traits	iqr_regional_traits	reg_loc_mean_trait_dif	reg_loc_std_trait_dif	reg_loc_skewness_trait_dif	reg_loc_kurtosis_trait_dif	reg_loc_median_trait_dif	reg_loc_iqr_trait_dif	abundance_dxy_cor	abundance_pi_cor	abundance_trait_cor	dxy_pi_cor	dxy_trait_cor	pi_trait_cor	SGD_0	SGD_1	SGD_2	SGD_3	SGD_4	SGD_5	SGD_6	SGD_7	SGD_8	SGD_9
250	500000	2.0	0.7	2.0	7e-05	-1.0	-1.0	0.0	500	filtering	point_mutation	0.0	2500	570.0	4184.0	0.00034	0.00032	500.0	0.19288	0.00035	0.00053	0.58824	-12.86955	13.0	2.14633	1.50842	1.37796	1.33063	3.17394	2.34835	2.03578	1.8987	0.00097	0.00207	2.70912	6.14149	0.0	0.00082	0.03283	0.02233	-0.14466	-1.53727	0.0386	0.0493	0.0	5.43436	4.29691	4.04689	3.94399	-1.81539	2.50827	1.18183	0.85182	-2.6454	3.66026	-2.51348	2.20444	1.42443	1.75763	-3.22946	2.0808	-0.69809	-0.30383	0.2426	0.9058	-0.58406	-1.57946	-0.24685	0.563	-0.39005	-0.45103	0.26744	-0.60768	9.0	2.0	1.0	0.0	0.0	0.0	0.0	0.0	0.0	1.0